cam_model: Pinhole
cam_width: 640
cam_height: 512
cam_fx: 431.795259219
cam_fy: 431.550090267
cam_cx: 310.833037316
cam_cy: 266.985989326
cam_d0: -0.0944205499243979
cam_d1: 0.0946727677776504
cam_d2: -0.00807970960613932
cam_d3: 8.07461209775283e-05